c<-c(1:10)

